1002146092314671
1090160481490553
878044312198052
23126216361192
69817331845999
744835545538393
1071134883459806
107953891151950
472278249987929
1087042666405290
32163434950886
576022916644617
222301579448564
190017697423742
1111854501350754
133954756623786
297337195623071
996785891061374
217703300448575
1117264650677756
323461713445749
437851800568052
35814677531923
203358695486147
399693878857572
186967083903437
711700045241710
1041945824948877
877107664379679
260537077309140
8692185293889
953274879790977
325561351863788
54492077293219
76457833614043
414849380131193
594671612735078
546890189891536
315967131150074
1028615297654972
1022430514883498
641166546544093
156089145879340
335803240322101
279464183261531
420992062266294
567685680638514
356141364223559
354806927892461
71150868524120
344546955993675
101064159699264
452878113339591
153364178837891
1059530917251959
462093480192508
376127145945474
190600314823720
662509081306167
1078565488412648
961427525601986
93033804383674
354854464447
16243567698801
290447953062808
181037880386626
187627972944103
721902305011462
918691289200934
625985453062219
937613478217517
226537247198655
29044048506503
352671491885621
13871087716523
215695652095013
86657257474218
846718616128479
45864340275045
564250836605349
373946770967716
425928812519941
843099149857500
262533420372533
902880351533061
458818572714651
809382909940464
611358655158857
794470170232793
102017098251180
972200958578366
699156424587040
256668872484898
201826848324414
845862460735157
815198631881663
1110822861386864
335478860939583
244266686870891
931807218924945
655996974151059
517523268110175
400447844836687
367577103601183
534491001873002
95754034848331
809927799376490
886964074928403
995136014882159
766065300515089
67596750889186
745400584763547
177750654139445
85091508928303
666659707832017
634901918618064
434343906650350
348812388869572
568440610278858
646152914261494
251783700745236
727862875026063
45982149261602
960179255176128
55730733438073
1118629821582922
765177084873710
902256887402421
723081301037329
929992557477851
1063077257893707
803585226035694
1068127245395465
295670462137247
462898185517647
458897230415580
991937382083337
218465330530931
49457206888421
17901821607991
822262158760164
662801252481160
539780555100447
591168494279407
80984137008934
964586667771645
559847093748750
691054601369931
760335118355454
825532306162218
937275287726166
641712613694253
1045279189644623
956355524252458
390035232148746
159735799964363
539913756176503
204597568969554
173958474452507
980339884461925
236855091935185
664538040084194
564319135607410
754311625120841
851890610568841
510267403581571
833951818428348
626470045423991
478685678797269
314584944791879
104219529378516
63224539752568
308364585371083
755391466929846
275954170214751
24414105740978
906610453576279
516790370157586
441920492595863
219767091587332
600556940360129
960266425164658
1080205993199512
329163565352605
496747257055432
542968736016312
1086168956714456
34694179637269
233438993956639
402811271817470
608015003741605
468601130353007
1061554423070064
320160223764499
737809529120106
251962890122980
859948194052822
1067469696059695
1031795208437143
6911030775821
1093760297470175
294912133669992
567707074463180
723490995306562
253407263530499
141677169637433
471101843954678
923967362462373
672878633312468
1103752480430133
301043371244258
27637231063041
189579080130865
773150944908891
925441151654725
462197391549653
870916986184873
75157136456157
911023251677752
801783116625813
1009063915978063
1021475654687410
124869958412968
855619534937836
1029661877656455
1025781691685200
385236626652622
247652031713190
897021011968638
1025613970912819
720448139038201
865195939320130
310768474427984
942188128660052
287151349728248
1092284353894182
342981763147167
139780088839796
342173467773519
484891772590806
254361365266263
662674461237724
1112937739999221
1076770041677135
42556448046733
178380840861660
344335048408429
519284977516958
708904487365997
493632852208301
856037516204491
90854980778281
415023443323306
238495462155737
1089173684870041
732045197780838
660555531800614
435997826242490
823885675921349
663154234557487
252823987667357
36135802827651
185613828778464
642837946092651
816147000886227
191666062019712
343937709052612
405759082206257
382283747664434
489884065131695
720502282753643
944206972177651
859457117673185
1036490427463924
588642637059837
315104423787990
451796444889225
924800967747329
273895119566816
37215600794001
280870770548968
67471884848424
364651280628655
1120157357360431
974911352491393
37656143394384
698086418959365
1113108890063125
70861524793403
43388221433229
228923875892996
986088933463013
559339471660537
564675330526307
918079674302024
463916547621128
1114281652445782
133220616977966
744096119666855
955534038634661
895278989273908
960087410795858
391353802862923
1058169805081252
546184572942397
982148474213207
993668598157073
65071602589018
905213841491807
1061064497815784
27951703420451
774178143714022
1024031765426491
217982834822982
93280705227339
803419449018357
695880693420874
876016790236050
1090078850193940
356121879442779
138215642656185
45962301626820
147127107609258
190755976661350
238154977732919
286118960297812
592520384705467
403255500832132
796869111867098
3706592216985
174474339250094
609701794749739
764885483525608
81272748876790
583787159615243
319320250210531
113021464417370
443537367681561
77169502425875
876797719240091
588598256485844
654212528562366
234417918094138
1045029282681209
83290146073270
681048161722410
299381592823250
519222947997561
425816314622019
761879882323293
475478465333875
1061970290873103
88116720823264
255387689090940
51366738999521
530825389728656
1010934221416545
46354414391978
876517767513228
397149116272240
160814860461821
975914125162832
294503604384989
537481632053970
527407818650150
859375338874704
678625181219135
858133310983765
466653387948021
63244377558258
913048596400158
189830415704876
263196517093189
222254860828688
559928974114390
750282119900954
13075773755787
641903023717703
466228645044919
1016971497056924
389393331370601
1100239809033905
983815853602639
625902914283080
861460719233589
637739169321685
523798075671229
606184683568430
407788312310498
854451437250100
933776066803076
175585993501294
567181016843001
657294736804844
144793552667376
1050312375989592
20263104047068
739523896059993
1017146463051462
66580394068171
798543559119846
980045984795392
1067445778133429
33461005539368
253083829961030
1074556337679585
22605817937939
115394823657457
904591506161427
482969616019871
128011510084974
554913223011812
445591299800777
233862907767345
834773911783530
1068632783045509
725356046427598
545211421765423
724582563946122
742057302831124
67200466666381
55218349763050
193691179225093
70914420633960
230007234474362
753775688604983
251373827521266
835374382310552
442855792613248
727869368547243
58083554702660
292357478083667
76479841223766
183319505413018
233597890219648
686904043611832
788812894472628
258561277642011
634532457293366
324694105549084
817067283280786
70168921322952
586945508647520
1002667696348784
542283809654624
187109973953143
207529778268129
129983355548548
663507112137248
928652502162211
174593058569459
24501423525467
1002904463706442
1041301438361858
754209908272995
506028409963781
107168629651175
147866830884773
1085766948836215
962581641931125
684150013789407
562832041984145
930046427802794
824106052933059
524086916341230
746784125208367
1095036382243461
784742185537606
416005275371967
423270498772596
141763478402626
979479820079090
13131518111756
608787936315085
958545021059837
746299316452469
198120492854975
859924778692810
544397967290669
58231545979208
586950923321370
1028891535997153
441992972743651
950731358481503
1051011061474810
20515254192433
791864577572702
183116747788210
531491053928259
213861013447004
114925695884424
810091131165132
920000711082297
134632463632603
425898092192095
228410522534022
1066633098462883
477397763811124
1092332333159666
525606907433844
52889140428073
381367019325552
422139045846955
755213059827121
914844953346805
5552171829904
273138606074588
234567657336906
278733643522364
950819900339192
50160253772274
1090108034207578
709375311936873
129531285681108
519473507447069
8265082872175
946872467536331
190604202303600
203968838168566
52678569560819
1084308212044480
296144150234491
749785315550891
449104857960074
259355286701191
33153674464399
286979268480589
152970022889579
697264026857103
97755267658399
245174786402482
360961434745425
930629503589559
526369664994542
158287029444574
616025110410022
305468085610353
654238471596156
546148667583259
139292554009279
152498174527596
483902731298176
549088751345026
628061161944851
167510339256115
331666078541125
1083617994214049
144981295634554
825004461534182
8319343544363
230574585810104
406823260966527
432900321593685
1092626714455025
830244040506442
131272328094350
768289227596324
916236398727107
1070033727210012
875342744319021
512270076818099
247299132388562
108648273607071
854869633094255
163760638388934
531782067980090
303182993874876
1013996948607565
753763918403817
395145261597140
603740485544122
499842928122206
162186453385583
451687755447376
373004513763682
284018664196212
279917953143289
527320032787506
306263729825819
987509346418698
388458561823831
816035146161334
8579964820740
1029835568210350
542667798682786
599115717566876
566004797073541
861570387470087
586702512750383
938356750852604
150435034116429
345807035964872
783505965896732
839480332651452
214499121602915
377933742526335
743706724373259
1058762629098825
832807700048981
875168470987255
910670260935237
724438437574063
854546098843860
498219604400861
164433865396799
417898120627080
1087975721055769
379928635694379
720770408488275
141950458532798
437380947960794
33363903786786
110361652546406
192928091951941
1116538721022527
580012342852524
298021773828852
785563337171665
411520438959948
104908687339920
599401195355140
677231794145509
8688276452956
1064559940124526
172341285328824
1086051276415074
642640550363049
318135170587462
410607632533486
725655440263750
1033351467348134
997285487710129
575553942855258
1043378082522191
534728944091550
150512864573989
959129926821796
79154720599013
873925806694859
967183422716796
30846759186447
506563475888025
367343385904133
818481193911085
172203598225370
282344633786953
152315881843368
849958486587952
914378423903417
1083502522160502
277078517789555
861042606352322
75070110989564
504793544258488
335421445479952
742576740332418
1027075817429148
927508749281013
880692941033134
737945108938415
485269816985884
543726458902893
261154315607184
1042925426637255
645635730710943
985978530150786
432961023577467
503824818028929
710835929631862
977180891755611
1021840144053827
925080953467936
1098600232705024
818572152289570
977532148913760
233956907331613
1072213637686914
930294990671448
330096131331113
351594903532658
204489349065042
987596622329293
22714367771921
1063926092269778
536833907129455
870313583142427
319417646810516
257837418541437
130322121654813
340990448467493
347012504182908
77506665195803
961037577115418
677455135067474
177288347608607
940161373278613
678530144380981
163946534804859
455170461022061
422112574599087
301140278837726
427081450486361
29124709598209
814575263790423
330456991836098
935410396940930
418893266823969
673450775507800
555743648732146
835878967329812
730836380742914
579856034559543
11792070402526
558086364906113
1014425252678997
581361912523379
717542524049798
20754656463560
900052528382905
269701892439153
878030595805355
856144466543523
407083882968250
986540062854660
1123009677012180
117120414453284
59045854632129
356098259318543
1122136473438062
192876891060618
565914143965527
352728372094154
555032331592465
794450700570223
367786445968398
114738590015255
806293340648820
664403521035009
801140202363395
45932642490820
1097816854837860
370039557017830
978727585432053
328096298638555
61611907419819
749119200117965
367563465510667
634895943059203
176432514826482
443213735215282
747181026336494
389541025621448
231495156584241
548791372590983
800590405827005
597520676417280
801346909142262
565971520519596
794409365585124
95030455283217
437794995753630
613535687765869
96321158155404
991072741959930
1032241478941017
316013029207080
371779460284248
559091536448873
629146867172105
80914806240391
122458621765470
1045053057538181
31900527769230
531219936568373
361570864321471
781659063244631
603539050939847
742902775726733
933376030491820
548677519349685
334492874771001
187122910407912
113065262845069
274705790618321
168865486936928
225883512708971
521811948210295
918044169761165
897309878844072
480283633335065
864991546229901
738392739055300
693011573468368
543375979812109
168623608085658
882324604806798
658661499006768
1048334941870806
988757462477303
534174751674295
332062962151693
408266136631984
230150533935609
546758767717584
230652686247573
119387960202208
739299142662078
920455958474268
812098680485689
132877795853231
439056975389570
126862693718401
972386235528644
420103045880057
637002546374645
1051554934066841
910143555932239
331639699457717
561794123837822
130641462734251
921427903392382
96977025384879
929306595678014
1087490663472720
44743467987523
313355027734300
462573402635773
987961147990119
184625618529196
371297683097434
432280699590438
409148656817367
875772935226640
705037967789472
683030709599888
335300246549894
314552692840449
242085475008431
518332382942387
27012763705169
233792967792878
433470484362627
448351717725674
604818868652475
530121137574324
254694925307117
663959401992406
411031952021892
70726185334949
305426415635946
109665717663958
625040725770506
301820093773731
420077543397020
804989109833418
78902620683202
326939420372764
329039716927208
661118814749406
150176007270372
1024746112417237
915921658217464
1013371644421028
1029012249709530
662454019498821
424001165107262
163715306786099
796506564601215
65785034121866
811166743839187
44390874333790
910337326888102
898751005925027
980782832898178
996599349441136
618326326549881
61890930994200
715099913256080
329058317908166
1089285631427389
16863950102324
48817068628662
458083406634296
861447204693882
434271168060987
81769359738395
773323325243668
300266694866919
122733054063888
145080367944678
33881298494641
890657916026982
262736656801933
1005622542844520
856712263793666
1105925588780371
658833277975207
480639642172564
1105096661641488
733908063407640
331581193671879
1001018458818352
910150695668390
275830362266144
158145186597789
126119882998040
302022982685768
136900605392070
25587464097433
1016200721127111
886199038902587
124742403811935
1085031639423968
178461820379610
443476899966272
786884891223128
126120337172029
533250296596408
1059501053262501
56007619956744
83006118638110
810599656925258
346509568020186
721936001947514
331674375228536
958599280392658
806317786392214
369286477587915
1080963897197826
316291916672148
969809675112248
175726941608067
533688294355087
685874735602832
425770044065105
1118464026873411
1104298286329097
1063518756286874
1101313575484628
594527094500256
1024180522661920
844072834724692
341026212488529
651788341158173
1054438352637355
949748007966957
21365107392891
520029811576371
264353805790913
946217608575276
963527269295865
10631997380516
812280448563198
248296177879998
212190195179350
596305717310574
358739646312554
318430628714061
197271840991182
72717789498873
695828917257035
1069270959794448
251257106136924
616471721137345
1049800254714032
396294629096470
495445577281436
790894372337450
742122950489534
208982809007746
1026211420250289
683869336101195
52013665102482
123476270325980
241272003815572
949440336473229
230868225261491
136850574688234
537933754092083
997730645231566
759874261185170
140176492738344
825243301061546
216225685341606
916346568461685
301529660685096
195953937403541
846363828311245
867263563747283
111395905064904
1012200629544684
467521500466578
876947447196352
257291141048689
356712878180655
819364851992665
805388895404100
365373226804270
207083149685821
887137126561046
675427327371153
402552466474583
338020943578034
131254289038865
480654215645108
1089356099189788
1033007413828602
846494933557611
906389803694412
501504397416244
81615686786304
620551161622672
529929947879787
478612060704560
591647028983653
766274505350315
132385401124844
182310682827861
812434578185953
665558685281006
516082069917922
274577619904099
244841420445953
1054564318165470
139774539210757
1116337701424237
29368570232789
211457126313183
419040789434983
658831435100905
531693785315390
994644192747919
796344867264192
708331373743834
619176612313758
203907090612664
440417084832179
214776479390155
689572045232066
623457715204479
62486027406520
359757851044931
109808112483808
237590832709418
268939708124899
339107860188526
520584609322409
601593782530388
269968057587368
723030727764325
582380850370560
68474588536314
400627267799016
429148047417493
572862704370024
1005903255557348
670791597654985
844789160865193
876619799735833
608906602716968
646036792461689
462063470672427
1098619317251024
815506506005949
734028862542935
234626006428946
653009041006489
874112085363709
288349461883929
709994356269875
1034659474935103
415837405037470
294866849039218
968400788695535
578454082801510
129714518815624
1075889501901601
83778986172245
608191607642309
559384914571383
714149396458577
680810522903152
729927465262
488214771072248
997079119332490
463391763658663
1070853641367969
891439105129219
526845558851193
355447325780163
406791307554476
77983120165099
969175626095166
867103540052597
662621121661113
795463647686658
846587660964741
516659679126625
1089276820604395
216300088362610
452592025381733
498964527299055
170578650471805
993841053484491
813878374478400
1000934483030720
364870920138645
62217514124669
678937484513012
854132308195799
79830143197001
363291199757020
405608413655099
958502179953578
458249445823716
979015576104833
963083551866518
571465891386631
47783922833214
744804260078687
395379010645469
39142080197450
1035921778539165
359451409916519
273896633998408
508810560440833
1103191636422392
474798200505194
300759351691361
103083605437203
460859497198090
344633001118343
466651978421315
534973675351050
820413377007454
483923842479572
1017227697858050
241646826177418
357356584052025
509760109444924
918670506237487
901138700541350
460261807204105
525010908946954
163935188629386
47339711364842
772843844255594
417452023745567
844783428953368
1042160502391450
512469360152540
934742062475890
637615267238804
538106262686752
572278551383649
275550361305047
503318247181385
1089675400089057
1000285937111893
621806136127390
379472090641531
991176512690876
499460500681495
387687564312350
1124311513800284
923946425938743
16171903808537
121202653820198
633898272422948
1060033007290015
379297695752246
251797221925810
732918621796782
905137213060731
66815594065038
1086856769068439
1062870342803256
277840263425372
109449505313424
546606210027008
1046503245635679
61720131466888
417951547096603
8217674173681
865232968610298
146030388412609
947412924151255
270814133219802
691121176485810
1008458689442319
899239016728808
329572712575283
643861332336287
505793382790690
75712304949918
253148578213178
779295823029292
125539091067589
204474325803738
1024822743750090
293317318941046
286576449350991
23482795784270
763775334841149
211990317519975
869787002358932
11895324290889
39220366627355
315537873824391
650598176827795
719711916787519
828617969882465
732572126751948
480433063744422
506361671663144
951255345540151
193483929840832
236380633943822
277873849565862
41686395022141
885192485301501
363963867258072
597567183354529
554675150515070
179057937626547
320069228750032
436646622420212
998218622729977
691385925720073
731021689273809
330223866072675
571974278725990
5983231424955
330405997492423
862738020851571
588099890830764
304465029163458
362817006360380
725729306459437
1028523659610281
611882318203874
594463060577705
982910924382877
150097801042353
1026033280088731
362678342004348
556701103304515
1007315166958476
636621253358111
711425808212429
698170714039589
197483763054712
644998911728538
436836277966285
1058265025847307
55309772154715
664710688655739
698263533429886
885300020138535
296637386927647
89235809229503
883177218354566
95594117708067
359265606162294
1034251018974519
535537421484000
10483460641231
742129964821386
624596184242052
966873988902114
701944810628199
494620776950706
996306711243526
84147596783526
247984972917055
598612835737220
844561418541096
370270017311401
433601459733396
817026184679975
378503540345881
957128930650993
323134209601609
125972235854613
601224095914369
107039433254634
959189549987968
123957000130012
918711877113810
719532228815968
590806227822591
103363281995525
170495940381838
901039438003147
237250339295866
1105128988766201
1028834688085614
812235204871614
65236328221544
1050338191777364
285652792508916
988878930511918
117318627430357
138719857203442
72101791019752
692500403237678
588749843066637
962774942317860
626388856407651
778141745556090
538724821339680
3816898534779
355192118658855
527062409016358
726460696683378
726291796865263
539496331042718
1029920081077974
1063099282864349
854777115768092
708166126363843
180356354184763
737412046060394
912083474857544
529016504013512
1104693342809235
693286197935640
518222582861555
81947471806648
1021408133503510
1027491128031524
1024077257584752
395406586166519
326434080327683
123484621914541
820207404877444
891415548548430
727673532788394
514786377593269
578923787213080
42231333897322
374134796491764
920486289075358
609990481459686
642057823582152
44133823501264
985849005815601
544625108773653
947102451945899
746276036556442
752528600686153
82884403285603
404844675543117
624437029961510
157228602396693
900419874657152
750947467453053
700964624879735
515715175527875
1020044316156776
309042249130847
35894755656339
579801739955447
124163923519743
650725763602099
880028093555233
613249644559152
1077099167463150
611873695980401
369857765868973
500825163858808
991161877567919
396143808973495
475011537786274
802791596560410
656204344405725
168700986462321
250969650371557
656068227154865
1103884319491033
118833873760448
621318954283854
487138878906636
296463436320736
161602509851615
597391874679814
923855966761303
536916569072018
450498950544697
952544133193751
1038917429089550
80705826598002
340639793249330
87922380273244
997889339932411
836491242077783
132198463306196
267340129134476
777054815669646
721982283475487
594418235942695
814912057046375
913373556510991
964293799569343
747213915608817
168796337866909
389736241226482
714947778386129
788243693025037
191034089160462
262712976190480
249612885530820
1069304640631858
448216873888151
508342225342151
386728215270638
384496113696269
613071261556160
743457675325033
821601835107386
385285271668612
402150286848104
791359418444967
567878877214023
523638642473563
261324587970115
688381902900768
728378654417359
595914010252047
1106457073661034
647004955458707
1056600657571047
280278171380499
24960716079104
1114770737178575
262277693330448
361108685833972
207179921360640
663539662518378
221117412964639
508204053355371
551109880126512
1035441543683241
1075666194049025
861432168029555
515212420630217
822154464678390
284318878184792
671680866362189
679264660034946
556496097878950
579622627144805
827178395714157
921848808148701
643204617617681
103363201364372
511291593332045
675148169302224
965508782886686
994544848485637
64357736132041
389699379638927
1003718280678468
193814859030878
144364822472279
626492669932958
417320709342420
895900632109087
276697827528531
48778423473324
427469407221730
164711680281656
85066135200661
144393690445906
593418394861960
896415203231193
268496504605997
478168372220303
408472579893068
384535717206946
650357419102704
482464592937582
116752748180378
1026485233327299
235578179751921
457544877176348
229265987187751
913852168016843
540231233705733
481616186107105
704605832880705
329932478936545
27415124495083
416345305252973
13222690328987
60273921520775
239398574753795
741937718087454
707278601607978
1095488693297535
468705738725977
486681474541583
1102113382414890
51700585254906
16890982287700
454136655351711
24803376626869
802478308614026
774360365018187
507445327816793
150341326975851
