1002146092314671
1090160481490553
878044312198052
23126216361192
69817331845999
744835545538393
1071134883459806
107953891151950
472278249987929
1087042666405290
32163434950886
576022916644617
222301579448564
190017697423742
1111854501350754
133954756623786
297337195623071
996785891061374
217703300448575
1117264650677756
323461713445749
437851800568052
35814677531923
203358695486147
399693878857572
186967083903437
711700045241710
1041945824948877
877107664379679
260537077309140
8692185293889
953274879790977
325561351863788
54492077293219
76457833614043
414849380131193
594671612735078
546890189891536
315967131150074
1028615297654972
1022430514883498
641166546544093
156089145879340
335803240322101
279464183261531
420992062266294
567685680638514
356141364223559
354806927892461
71150868524120
344546955993675
101064159699264
452878113339591
153364178837891
1059530917251959
462093480192508
376127145945474
190600314823720
662509081306167
1078565488412648
961427525601986
93033804383674
354854464447
16243567698801
290447953062808
181037880386626
187627972944103
721902305011462
918691289200934
625985453062219
937613478217517
226537247198655
29044048506503
352671491885621
13871087716523
215695652095013
86657257474218
846718616128479
45864340275045
564250836605349
373946770967716
425928812519941
843099149857500
262533420372533
902880351533061
458818572714651
809382909940464
611358655158857
794470170232793
102017098251180
972200958578366
699156424587040
256668872484898
201826848324414
845862460735157
815198631881663
1110822861386864
335478860939583
244266686870891
931807218924945
655996974151059
517523268110175
400447844836687
367577103601183
534491001873002
95754034848331
809927799376490
886964074928403
995136014882159
766065300515089
67596750889186
745400584763547
177750654139445
85091508928303
666659707832017
634901918618064
434343906650350
348812388869572
568440610278858
646152914261494
251783700745236
727862875026063
45982149261602
960179255176128
55730733438073
1118629821582922
765177084873710
902256887402421
723081301037329
929992557477851
1063077257893707
803585226035694
1068127245395465
295670462137247
462898185517647
458897230415580
991937382083337
218465330530931
49457206888421
17901821607991
822262158760164
662801252481160
539780555100447
591168494279407
80984137008934
964586667771645
559847093748750
691054601369931
